



1
|
|
|
.68                                 X
|                               .
|                         .
|                    .
.48           . X
|         .
|     .
.3   X
|
|-------------------------------------------------
0   .5   1      2      3      4      5      6

	.6          .23                 .136
	1/1.666     1/4.34              1/7.35

	1.1         2.35                2.35

	.5           .35

.15 .2  .25     .35
3   2.5  2       1


5        5       5
3        5       7
15      25      35
/100

.15     .25     .35


3 5 7
1 2 3
x2
2 4 6
_____
+1
